-0.205201437238 -0.205783716751 0.350594564093 0.42477505903 0.396350976007 -0.459596816054 0.271071921004 -0.435860465922 0.262093781417 -0.265699331891 0.269177751056 -0.351944628135 0.411548678532 -0.449068299982 0.381675256577 -0.459051037515 0.326383996999 -0.284963863269 0.253988243011 -0.21279532445 0.24659776213 -0.224730953935 -0.488536750793 -0.421205499742 0.319519847958 0.19558427141 0.457872695715 0.301230088178 -0.281734341006 0.445183728054 
0.0984350659342 0.128816427697 -0.257769850508 -0.224213762791 -0.127619507828 0.279667264361 -0.0947327244921 0.188334474237 -0.100078144793 0.0424575269108 -0.122257977527 0.0265168953724 -0.264136637478 0.13360716469 -0.132012593842 0.171395594771 -0.0284826629155 0.0857880782913 0.00413851717022 0.254113043987 -0.0320669994193 0.210874324759 0.206046437048 0.0858628853324 -0.184990549024 -0.110029172386 -0.180738418949 -0.198396706387 0.00568325618458 -0.187445408227 
0.054207364061 -0.153992236399 0.0433982465348 0.178093927556 -0.0431393570613 -0.163869361421 0.104307268704 -0.272072366626 0.0627990094563 0.0252630251479 0.0365236733872 0.00964234128852 0.00950256942434 -0.171203807664 0.0638201413044 -0.223908398435 0.142607333879 -0.0643437356078 0.0245698845472 0.000842252693712 0.176292989324 -0.100086240384 -0.241553709137 -0.049008038421 0.0226185767985 -0.0259796568183 0.0968407457812 0.182694454675 -0.15101711462 0.106951003473 
-0.243910241641 -0.248658881295 0.24171251308 0.186237160354 0.214025604103 -0.314972978325 0.15867372319 -0.323302461311 0.174921763861 -0.262354038428 0.150403405488 -0.0758930001349 -0.0152624050244 -0.0888811650524 0.255986774803 -0.0954328809158 0.161080018852 -0.0488309969599 0.250443563293 -0.241615048717 0.0193984795591 -0.186524735398 -0.0888126573619 -0.24215305364 0.128906325089 0.180267031697 0.113881275752 0.178773149187 -0.0802169669467 0.00873674774868 
-0.108327849773 -0.0379497459398 -0.123490861358 -0.00566203979645 -0.0891716590271 0.157871452231 0.0404304217314 -0.0984995073075 -0.0736476311705 -0.109438833418 -0.105197974963 0.00953461775858 0.099042983049 -0.0532980527147 -0.10110017142 0.0846811859717 -0.0228566366863 -0.0814373387391 -0.190642264836 0.00494853323412 -0.113909387278 0.0188892774206 0.0392740320289 -0.0498929373474 -0.0559225466386 -0.211283840747 0.0188607328789 -0.143976197935 0.0606890605227 -0.020894755991 
0.00989608445499 -0.0328764390055 0.0307555084901 -0.08886635984 -0.102649279098 0.0776597715182 -0.0535905862541 0.0643886794845 -0.0369264138523 -0.161742261303 0.0871805195623 -0.0620644109348 0.118840383351 0.0286257809434 -0.0310934470751 -0.081669006008 0.0254921816469 0.00520689205261 0.056025439918 -0.0523035314409 0.0994107876107 0.0323670139005 -0.046052958746 -0.0134012242796 -0.106808301188 -0.0666679567813 -0.0335954672365 0.016175513594 0.0250724477083 -0.0624234660036 
0.101467025821 0.0275755526523 -0.172421404378 0.0166044589052 0.00719900048337 -0.121133208687 0.0760834051828 0.0457695018028 -0.123386569217 -0.051282720932 -0.173140082063 0.0840043519144 -0.0668240092639 0.118347818885 -0.159435229675 0.140179452807 -0.0367961212664 0.063249527263 0.0829307413263 0.108791396021 -0.143188220288 -0.0220362119221 0.0350303553421 -0.106142307339 -0.132442666383 -0.1125251126 -0.0733566518578 0.0443780748115 -0.114583261708 -0.000890989062252 
-0.101739179571 -0.112328194294 -0.0127348964951 -0.0240274593753 -0.0211882910125 -0.212818474105 0.129246393514 -0.0490587225077 0.0680810098592 -0.222515423175 0.187102119547 -0.155538593908 0.218650446545 -0.187498458432 0.0625008727054 -0.13792488244 0.135633240338 -0.0538312287834 0.042532015553 -0.132739459555 -0.013624000433 -0.0194196944752 -0.0876842238477 0.0184753039493 0.0375431701667 0.098721369501 0.20494331518 0.149975347876 -0.0851762277425 0.0223672435735 
-0.261869747483 -0.297546583501 0.333476940353 0.458080240758 0.320940709698 -0.307018708298 0.154793254796 -0.279010779607 0.435171693204 -0.348963840663 0.466518976328 -0.183938204369 0.41700431496 -0.504660070678 0.38656429046 -0.334710112553 0.22614352471 -0.438576501338 0.424121909008 -0.381456447658 0.256454762668 -0.209693118042 -0.315173123079 -0.360630030699 0.179954724976 0.246935382213 0.430347472418 0.188341833048 -0.320379374272 0.260070362953 
-0.168020118265 -0.142831100578 0.127070135141 0.0608684583419 -0.0522170096986 -0.301241326656 0.13749105011 -0.284475328232 -0.0291880308646 -0.0581790508669 0.0714369947842 -0.26985527693 0.000347661600854 -0.24614342673 0.0831654917062 -0.249349279272 0.146742240148 -0.0477012601833 -0.0141339626675 -0.201425956896 0.0321104867833 -0.153108533156 -0.118362743977 -0.0616862692158 0.174229434172 -0.0606168153992 0.0934443869724 0.151752859683 -0.151451153031 0.00477326192213 
-0.079341757092 0.0995391973782 -0.0985292966501 -0.0648438715775 -0.0364575296155 0.0455632102652 -0.0488353802915 -0.0268880910885 -0.0125293884956 0.0189701817742 0.0721795480446 0.0626977706048 0.0236892403804 -0.0788987536779 -0.066571359753 0.0861382198044 -0.109015172666 -0.0431599348968 0.112736479163 -0.0993975474255 -0.0950362501611 -0.0587940009586 -0.00763967502687 0.0920919358211 0.072099193238 -0.0820366924822 -0.065199345142 -0.000721376821538 -0.0590010629405 0.0475207267409 
0.0925063947942 0.0147937629942 -0.271467657252 -0.0722009786341 -0.0304683679079 0.102405022248 -0.234356250966 0.205556811032 -0.259050453546 0.147851429516 -0.303130362102 0.178730571656 -0.0207285776313 0.0662832571844 -0.139218446801 0.0412769048734 -0.238804097131 0.243666972832 -0.227585766585 0.146892122577 -0.142991279675 0.233154868203 0.178743251448 0.222671654411 -0.0728171076833 -0.166545926122 -0.255871344081 -0.152173912952 0.0299467982787 -0.24973227843 
-0.151750482854 -0.0601388377316 0.0739709499516 0.0717750564488 0.0548192005231 -0.347237007864 -0.04967941116 -0.36859101485 0.172555504846 -0.00675845978154 0.0488507004746 -0.26035421122 -0.0575679315153 -0.331961720012 0.0431326849045 -0.161380069296 -0.109742386673 -0.15080344423 0.053316462775 -0.260119620297 0.147230612492 -0.121430751747 -0.133081512029 -0.206349618586 0.0406503685731 -0.00245634378158 -0.0762893006471 0.100415996715 0.00469785840884 -0.0605846344292 
-0.0761098145136 0.0169577526895 0.0431955126659 0.119029838005 -0.125974335958 -0.16829729906 0.0280580828841 -0.143781217729 0.107085554552 0.0565032676689 0.0981156269789 0.086663837872 -0.00225483553104 0.0451680342392 -0.115672777268 0.00662495970185 -0.0375034397286 -0.122134358377 -0.110604494144 0.0759661517816 0.0544020772019 -0.0463262027161 -0.0187000663893 -0.0629170784529 -0.112635546718 -0.0270814435338 0.091135991472 -0.145766596488 -0.0228019846403 -0.0462642184294 
0.0846597352 0.0528246181272 -0.182650904003 -0.02992402331 0.0958727416129 -0.110663076591 -0.0788314679909 -0.024111985008 0.0837281754419 0.131061895613 -0.016294974037 0.0915812688008 -0.0809714748351 -0.0233084255668 -0.126303095665 -0.0873617543164 -0.0431144880497 0.0495972723992 -0.176314951477 0.10247734493 -0.0920628104648 0.0620846494913 0.0548191451381 0.0588978338676 0.0218441147717 -0.033088187248 -0.0310636562379 -0.141153888906 0.14237273975 0.0986050666109 
-0.0735792068884 -0.0530549852592 0.0802405611841 0.0078094999255 0.14954781562 -0.21237396275 0.031345036151 -0.23213734628 0.0139395248231 0.0500559872594 0.0460643564589 -0.13786889578 0.0676188681927 0.0270228146956 0.165297525581 -0.0179413807288 0.135107546806 -0.182890496715 0.170126800217 -0.018357845256 0.105139401962 -0.0843270081391 -0.117667643312 -0.224883992602 0.0558381954445 0.118272820072 0.0678079052455 0.129698238706 -0.0897589693802 -0.0173738959597 
0.196658976229 0.330969483284 -0.254790995797 -0.491962998611 -0.296362009076 0.272160271912 -0.21621213675 0.361183654282 -0.402601236571 0.443988656093 -0.389008316054 0.295527521762 -0.314482914577 0.457070099128 -0.427937716302 0.41731577226 -0.329498978413 0.450457311903 -0.368031780958 0.358804499474 -0.252872003697 0.24907200154 0.383560849224 0.378314354306 -0.374883658066 -0.44256564485 -0.462613389406 -0.308727103154 0.185647069973 -0.253129418556 
0.469369998174 0.433675468355 -0.527921586074 -0.46964223485 -0.365474423334 0.358814656169 -0.292670965092 0.322611089179 -0.465937469249 0.380773776452 -0.568673077594 0.388883873346 -0.266554001929 0.407338489524 -0.390891404078 0.273651095371 -0.174752464487 0.393521246681 -0.309481606809 0.408145364799 -0.520972359945 0.333915840932 0.292446988766 0.461416344228 -0.301678162492 -0.420778656187 -0.395120801139 -0.131497426842 0.464157667838 -0.283205580976 
0.0111730719244 0.148590213833 -0.220406697081 -0.200574873604 -0.0969263072519 0.127754067688 -0.104700679094 0.139809304097 -0.130124041338 0.120320855649 -0.178666829639 0.126934011609 -0.13271014978 0.165741690203 0.0233776956544 0.196866908161 -0.139649138774 0.176325899178 -0.0223703383853 0.199882341983 -0.0977899614962 0.200354451343 0.117911852842 0.153752303908 -0.152678352966 -0.0181724528085 -0.0757803408117 0.03738275948 0.214844098468 0.018338508418 
-0.161261146638 -0.0638714842437 0.0605036438611 0.198338211165 0.212256251622 -0.173139996675 0.190972545556 -0.356589552485 -0.00406150017777 -0.0187224677443 0.0420848618736 -0.235390716205 0.138967844439 -0.101641145342 0.125922510685 -0.122378617499 0.138258727503 -0.308766716928 0.187990763085 -0.247895083305 0.106630596536 -0.19918003962 -0.337656001969 -0.0260386894129 0.239682327851 0.0747295759634 0.0305452401232 0.123827985263 -0.00570389026102 0.239879820352 
-0.187869950103 -0.309057838228 0.200536175846 0.269635832402 0.30618220049 -0.118216770431 0.293067386559 -0.336868468266 0.0984884069469 -0.251556070965 0.080465246501 -0.0923968565771 0.185169482595 -0.112545530839 0.347625561763 -0.129541892006 0.36881072905 -0.232255245084 0.195918345344 -0.109994380853 0.239018267625 -0.332802719241 -0.20786489466 -0.112748353644 0.187830087699 0.141929210342 0.316453204712 0.209567796827 -0.113942699106 0.28738449564 
-0.065382544673 -0.134756437926 0.0287014834546 0.0516966704195 0.150406150357 -0.262015390016 0.301084924213 -0.292802659013 0.154317837176 -0.248524125923 0.164116314557 -0.196658611957 0.155240692564 -0.289974593218 0.245142436163 -0.292523554466 0.14947678469 -0.197372755474 0.210023780849 -0.100404928179 0.175322255759 -0.197460862976 -0.32965438816 -0.210819171365 0.25374856752 0.00527801672459 0.118362703223 0.418930971584 -0.00616707619354 0.213147584757 
0.170148114936 -0.0402222194516 1.74636302165e-05 -0.0307435531048 -0.178318794126 0.0443470690919 -0.163582880656 0.00875972650519 -0.183095118391 -0.0512999184645 -0.0737242354522 0.152055553634 -0.0920611710566 -0.043587708908 -0.026283283687 -0.013770536036 -0.0210048566183 0.0888087253586 0.084905239206 0.106667234274 -0.0252800304631 -0.0129965079874 -0.0191485677556 -0.105219549244 0.0272003865843 -0.0711560564708 -0.0944014177193 -0.100594630461 0.135539262065 0.035231645385 
-0.238719618252 -0.129269339633 -0.00714476212615 0.214170240745 0.276668930486 -0.306900736416 0.543328969987 -0.376985978307 0.149685281947 -0.206244044533 0.0561741413242 -0.292038728647 0.259101941227 -0.178485763347 0.156872691533 -0.646588187389 0.327403267691 -0.383976513267 0.0995191786562 -0.180645013998 -0.0374045844414 -0.0383622456631 -0.482274625998 -0.218223720703 0.238970201557 0.0609819155603 0.259939744321 0.459267914057 -0.200279777414 0.411634664191 
0.119824001492 0.291443326177 -0.18683866 -0.352592701047 -0.128493794847 0.294617697714 -0.184177721425 0.334271116833 -0.291569850839 0.135114047969 -0.266765935018 0.359389522297 -0.177359405656 0.379717234283 -0.271335618797 0.187327238769 -0.230980967138 0.123812037597 -0.297977398054 0.278998362378 -0.135779226186 0.259943364045 0.248267442797 0.211007507575 -0.173209844324 -0.116265147288 -0.0661712957016 -0.0608572016944 0.0865197619364 -0.158603192885 
-0.13237989127 -0.0592814858543 0.0475972502038 0.0757576505302 0.00751295277547 -0.366880905623 0.37012249757 -0.393235545241 0.0330235806296 -0.085831048882 0.0528362666935 -0.254600430588 0.253492605388 -0.289466022021 0.153729384711 -0.319106670844 0.379411510795 -0.125498853542 0.0429349364864 -0.157385649292 0.0404031810502 -0.0438891004357 -0.342148106232 -0.196028930266 0.265634242767 0.0253701531882 0.180331342543 0.410185990213 -0.191195746855 0.277157699279 
-0.184980754381 -0.34191683792 0.176835262676 0.324343235356 0.168362802354 -0.331386656007 0.272291288592 -0.355971609048 0.377629585748 -0.336213043677 0.14507738448 -0.152467842166 0.0965283785 -0.333008066955 0.236419371382 -0.422828715028 0.326987728981 -0.139956338774 0.216542684427 -0.190708766504 0.364714413707 -0.141361733699 -0.270664428861 -0.219155449352 0.23826355002 0.300571731157 0.118454324012 0.262446566427 -0.248333969879 0.172750120099 
-0.130527002901 -0.359703285264 0.207546858392 0.390058185712 0.336678894557 -0.468546618285 0.537644855093 -0.385268276209 0.380853437997 -0.404812598429 0.196595460763 -0.202314162355 0.294901961461 -0.449893495695 0.384435104561 -0.578188912763 0.548775949664 -0.235158394483 0.319192451323 -0.194251353904 0.355696698685 -0.2556867081 -0.517865897187 -0.320855502842 0.392578863449 0.149730616433 0.345874824551 0.443834809415 -0.161814464221 0.36193099349 
-0.00152052065605 0.0202264769784 -0.123101076193 0.0152560243832 -0.0498216968644 -0.00149293265222 -0.116808431208 0.153738313547 -0.05967387329 0.0190714366821 -0.178195548966 0.124283967332 -0.211895353598 -0.0892378958291 0.0659107653443 -0.00639143284103 0.0313181636704 0.0393005484241 0.0170031738561 0.0674975629935 -0.00908493877161 0.130035300269 0.0711455932175 0.174616448345 -0.167634527056 -0.179853159049 0.0369825285054 -0.0276697136359 0.0331281238369 -0.232564526068 
0.363433632481 0.0903826505678 -0.208804175831 -0.162765753639 -0.114813184511 -0.0276754330249 -0.395225052785 0.105521587716 -0.0546498192252 0.284665250965 -0.104864654111 0.0170127930958 -0.160105777206 0.202588710572 -0.243276864633 0.249864645908 -0.381966516993 0.278607997962 -0.198022935395 0.228448823864 -0.085292282641 0.334432468586 0.261541322663 0.214375436991 -0.12055572777 -0.162894525863 -0.373677549572 -0.296151940933 0.305255903105 -0.214352728106 
0.232238468405 -0.00621287583521 -0.0297603897468 -0.334701832589 -0.30391601596 0.221865473142 -0.107102209985 0.0310358728791 -0.132678638514 0.0806720527884 -0.0240980986818 0.0986932612974 -0.247733064959 0.26638564271 -0.18432229437 0.196734695993 -0.0505961036665 0.0645443886476 -0.110062332069 0.203369378709 -0.261733599057 0.0666317015911 0.112436899729 0.180352397254 -0.173293086959 -0.24826078766 -0.238173657084 -0.293139926847 0.0395808630793 -0.277449777012 
0.101627789457 0.137613563192 -0.115005632571 -0.171123552883 -0.12227877355 0.0680702552486 -0.250024394841 0.285494471098 -0.226751305031 0.265432378552 -0.14703278297 0.234197030522 -0.303915697468 0.0619490884314 -0.17704954811 0.343404998087 -0.113581395098 0.129282966917 -0.176752740491 0.18203034031 -0.0942695342327 0.0838788705803 0.264297511188 0.193243218802 -0.1672077189 -0.173386439141 -0.0454251383155 -0.373938488751 0.271234423856 -0.194078490741 
-0.291731789895 -0.451620490018 0.351298296595 0.232521643395 0.422503769051 -0.50771435168 0.377946871326 -0.297195782377 0.396410259651 -0.289750630964 0.363186597837 -0.330580584991 0.404665301093 -0.509095686886 0.207102747768 -0.389950599042 0.503028133397 -0.303201397837 0.331659428797 -0.310968103914 0.291183085699 -0.311030451143 -0.284783229251 -0.409574717503 0.263045869568 0.297126886045 0.356541616267 0.500853322048 -0.424327446442 0.432255333798 
-0.180829875371 -0.284680969715 0.201838969069 0.319282682849 0.233136420405 -0.398976544278 0.205010084467 -0.440474881531 0.183388344063 -0.0796973098345 0.0462750326351 -0.333266193612 0.0523548303784 -0.434472690469 0.268406196168 -0.496041835746 0.0331273449641 -0.239765512096 0.295797443488 -0.206569059335 0.0495294355275 -0.0595844219667 -0.208321413577 -0.270503073331 0.0942831240346 -0.0179026291126 0.0970653972622 0.359504503601 -0.283521039818 0.128367405661 
0.0131608139667 0.10284111117 -0.156274579781 0.0689170677658 -0.111787098102 -9.99953265549e-05 0.0640218904969 -0.208171328305 0.0771703959298 -0.0294934909286 -0.0185851771376 0.064761474587 -0.138814074531 -0.0431295704388 -0.0673701926307 -0.163890354446 -0.0777418835281 -0.0939372619278 0.0179920172718 0.0792202789771 -0.0493795699234 -0.0342663020634 -0.173469389655 0.0531415629127 -0.0882041707398 -0.053460603206 -0.163614690958 0.0396132956439 -0.0811136578669 0.0479104373463 
-0.117356890391 -0.209217460508 0.156386931327 0.0862359708997 0.0856599375559 0.0123104220404 0.169732058694 -0.0940326886158 0.180729064747 -0.151605261243 0.100263897192 -0.0544078377071 0.175288094632 -0.232387061209 0.192231852632 -0.0137814644747 0.186340642104 -0.106118923197 0.12384596978 -0.166345609673 0.234260381226 -0.169846997557 -0.0627473995081 -0.19314625362 0.211628653433 0.117497090141 0.107650181065 0.199616877662 -0.115184019905 0.0446732133157 
0.0406368266173 -0.0607602446027 -0.0230575305585 0.0274116524908 0.10191093043 -0.267519528049 0.110482919235 -0.3069592016 -0.0301239382891 -0.106077620714 -0.0735855450967 -0.199930282379 0.143765127477 -0.202294236608 -0.00773761482943 -0.252194478805 0.080433949681 -0.155296434588 0.196417087142 -0.0597812440638 -0.0841458630495 0.0104926151507 -0.195727325828 -0.0362688725877 0.144853560654 -0.0352854568445 0.17501065843 0.227007053119 -0.163889288684 0.0473620820127 
-0.061109899695 -0.310279582796 0.287932670026 0.423341082743 0.173035713057 -0.413038530688 0.566922568031 -0.656247229489 0.248624002989 -0.301674803373 0.221377437068 -0.220242054065 0.391629746879 -0.35326528861 0.160662060598 -0.78091988567 0.314514917011 -0.516392922203 0.365190637889 -0.251672400965 0.110891888424 -0.2030623213 -0.619741276971 -0.471890035526 0.320310084459 -0.0818569268164 0.14191722932 0.581034982789 -0.143437281381 0.487568515045 
0.307822103254 0.362447867511 -0.319370836961 -0.396710724545 -0.384012274907 0.235561296251 -0.544116749225 0.230815642041 -0.328671316707 0.352663624639 -0.342372390633 0.25532584516 -0.572479970983 0.242694294468 -0.329659130088 0.227965455649 -0.510481863913 0.370935062869 -0.249407817717 0.230056196155 -0.354638311617 0.39480600195 0.294286310255 0.238510606053 -0.398875098488 -0.526448903138 -0.369493828568 -0.374415579926 0.265078074898 -0.380224034077 
0.656354864398 0.497198123203 -0.597736240017 -0.772549554215 -0.583069774748 0.605072547731 -0.462806859656 0.789455756846 -0.612320759159 0.550270084569 -0.659457323999 0.597644265111 -0.636549883759 0.738242554959 -0.549765259315 0.850632876633 -0.427023679622 0.751297191502 -0.552489663252 0.66124653649 -0.737202124418 0.519953345114 0.735921573757 0.565452052645 -0.66592278018 -0.814985066189 -0.492394433725 -0.63191257402 0.72601960166 -0.572025702788 
0.331752573987 0.352327335017 -0.258555128572 -0.425247974724 -0.267021251732 0.390820294393 -0.505396909069 0.334717199858 -0.365325707754 0.507252599087 -0.28647650335 0.165396026513 -0.507457926543 0.16112231435 -0.432775242868 0.237137705824 -0.571048104421 0.378725869953 -0.422873668493 0.279568586464 -0.482710976281 0.457180942476 0.32168183295 0.309404304755 -0.400684458779 -0.320647001785 -0.527832560818 -0.312511969516 0.454915788203 -0.345648612324 
0.0292202608062 -0.132068199171 -0.0663676169805 -0.0649490563323 -0.00667049829386 -0.0570446297312 -0.0879118463709 0.0716879450936 -0.117281317477 0.033189882102 -0.0886689536208 0.0687189961615 0.025006081745 -0.0168757660784 -0.0678677442701 -0.145151362008 0.0342841708423 -0.0658043157522 -0.0356775641153 -0.00926625344829 0.108643128246 0.00136809179556 -0.0446277472975 -0.00769478001148 -0.0506022783669 -0.0963930515965 -0.0857228990706 0.0216212379774 -0.0309379940096 0.0523975773482 
-0.235244654678 -0.196864380718 0.123349278385 0.210061052269 0.0681877307071 -0.210092868786 0.143533729777 -0.383630334487 0.188984249343 -0.179516383573 0.178241077616 -0.145470169426 0.250879566829 -0.260132464687 0.229143666686 -0.32151991968 0.291909622095 -0.0772773557837 0.237875389616 -0.119305515482 0.0166386098544 -0.075186458815 -0.262517333054 -0.293156423921 0.289034203413 0.0694813767477 0.0959021530625 0.391874616054 -0.239469341184 0.136900521425 
-0.016820011988 0.0477256368774 -0.148382668947 0.0512277699794 -0.0834954860463 -0.0569819996849 -0.144312126726 -0.0656653948991 -0.0943202311836 0.050850692539 -0.0797055722245 -0.0889391537308 0.041824494452 -0.194480893911 -0.0678263799819 -0.128207017029 0.0856840940718 -0.0578327855488 -0.00316181293905 -0.135762490691 -0.134036211037 -0.0353593238765 0.0386183215151 0.0317455585348 0.0120539386348 0.0458005592044 0.0916326759001 -0.0235704228191 0.0739016741684 -0.141384089863 
0.370167490761 0.290213931833 -0.343826962062 -0.190238533842 -0.390393252262 0.404527651177 -0.21858855478 0.4102691132 -0.152949292311 0.371298771898 -0.128936173787 0.183455184656 -0.297830447576 0.230728979748 -0.138342114038 0.233025439522 -0.367462869341 0.22965797994 -0.2639125158 0.139349203673 -0.333948616845 0.316834915924 0.257326412713 0.212180305871 -0.302152956263 -0.233443658196 -0.389631391378 -0.396353690603 0.303804604175 -0.444208356438 
-0.233313530581 -0.322249320703 0.544434724272 0.291757932549 0.495758231997 -0.436628246603 0.410945028198 -0.522245909352 0.422774040233 -0.494928503662 0.411112413826 -0.46888030326 0.472655229583 -0.463746504523 0.431618149133 -0.348427167301 0.483746356333 -0.318420482416 0.289178927661 -0.439747829182 0.385717946955 -0.271078063885 -0.374641108721 -0.391992309391 0.300092645475 0.314587626043 0.381701070668 0.40205390252 -0.493281638709 0.480146449225 
-0.180198381143 -0.0115451277682 0.137431729092 0.199339512118 0.0726452446193 -0.0189334611154 0.134247830404 -0.202820135626 0.112652364662 -0.076870334353 0.142322688501 -0.18210492389 0.0141160340237 -0.004029647915 -0.00569445620325 -0.083109879714 0.200134431749 -0.223162180173 0.146303561807 -0.150236420551 0.0776699055904 -0.177996311113 -0.105220402041 -0.0421664367604 0.0495754794355 -0.0106022630738 0.145970924281 0.0786680418433 -0.109425930197 0.22907858571 
0.186376718358 0.157096471963 -0.00402324791662 -0.215475944521 -0.0766520960345 -0.15381662608 -0.0050313722497 0.089042459482 -0.139064181437 0.167226717469 -0.183825308046 0.0988879629949 0.00401673461207 -0.132216136244 -0.124418426816 0.0267534621352 -0.161631653448 -0.0445269392226 -0.184595069799 0.053358456539 -0.0412015493704 0.136301859509 0.0391671936198 0.064641429918 -0.0948750021334 -0.0788717063186 -0.0456939477115 -0.233610727818 0.132624330443 -0.111301396558 
-0.406601410273 -0.51945928576 0.457410850378 0.640099298095 0.527815028914 -0.478584210473 0.783207319472 -0.381121718318 0.70790058762 -0.373925314731 0.423309528054 -0.587136681279 0.649171471212 -0.341587914964 0.546089598335 -0.660227294978 0.722556547461 -0.680591486702 0.634197346919 -0.351008842366 0.386947113579 -0.49766179147 -0.6897907679 -0.616105920037 0.561023103027 0.551877076498 0.615769511878 0.860624933871 -0.505338309 0.588458211819 
-0.728776665991 -0.705232635358 0.701283625055 0.818416772038 1.00845936331 -0.943548908102 0.950250188905 -0.822424165653 0.80463330771 -0.782921373341 1.00439056995 -0.839840270371 0.897215427372 -0.877385561568 1.09774258954 -1.00370874402 1.04921407374 -0.828090519956 0.814868406561 -0.926229430633 0.895956768577 -0.859245695009 -1.04910738689 -0.996601981673 0.875979955157 0.62341928364 0.814874645115 0.858253973787 -0.79759099485 0.863820516376 
-0.183150939602 -0.275514980532 0.175629463483 0.144301048526 0.0325751029406 -0.26938959893 0.143790809351 -0.0976641013423 0.126785804391 -0.14635932537 0.0732330405532 -0.218084385291 0.25132293711 -0.115809067321 0.112505028229 -0.307835465567 0.202842850274 -0.254934147797 0.021576242856 -0.103613488682 0.0862413755682 -0.024667989169 -0.205837393714 -0.0494927768638 0.176342352093 0.134007772047 0.00827584169925 0.277125638481 -0.250881022497 0.0655697620567 
-0.183217508743 -0.30704584843 0.233210786011 0.343403322106 0.276803058417 -0.291911787834 0.559281808047 -0.351526517949 0.369319330555 -0.381660690694 0.243477321006 -0.434167115776 0.445826061464 -0.49793664618 0.265529955428 -0.555448806581 0.458167612814 -0.243239319078 0.196364397394 -0.438765958708 0.29750626283 -0.342731971332 -0.347891355754 -0.420800231147 0.379548536897 0.279323276815 0.429547669237 0.591576697655 -0.401206643894 0.353733947928 
0.0223792737222 -0.113032316097 0.119407912359 0.136747881144 -0.0800934925945 0.0778785906972 0.052441018389 -0.206697557025 0.00271777923649 -0.0923336040425 0.0623123712369 -0.160666400924 -0.0664558663707 0.0894685430227 0.161193840527 0.00378898504479 0.196705266726 -0.144472102461 -0.0893828112672 -0.0993433698583 0.132135507402 0.0283194389293 0.0568818898513 0.0272595376404 0.0199364027612 0.0926892476048 -0.00420347387969 -0.0800766808723 0.0115693861217 0.0807743355708 
-0.287625854679 -0.346452108946 0.157338075018 0.190958141568 0.146034855756 -0.210670438588 0.34296172794 -0.228490792526 0.273076725864 -0.167210950123 0.303813799121 -0.165568587172 0.187067238264 -0.358916735754 0.152311889455 -0.312462037955 0.468936361871 -0.19238732542 0.224633988767 -0.212957456936 0.232334243345 -0.328816844732 -0.411667356392 -0.396845350215 0.333343527228 0.270628160918 0.180729217441 0.266530738657 -0.224629466397 0.381012177544 
0.275115778992 0.234452261137 -0.17152180098 -0.288844458707 -0.255944545477 0.0171995341848 -0.17581754696 0.0557215837949 -0.248715554412 0.0571169410789 -0.323396689582 0.272018169442 -0.325777050751 0.168337503855 -0.328573017282 0.147268650173 -0.210349287778 0.301532029847 -0.311580226958 0.142673540839 -0.291941882487 0.0949099884591 0.182483889432 0.146168322658 -0.0847902484911 -0.339885676315 -0.133146275903 -0.353661452215 0.309214062925 -0.18339685846 
0.139704283949 0.261513196251 -0.573999846854 -0.101992228516 -0.368763031956 -0.0683186550682 -0.322502998839 -0.0674003522906 -0.32663832004 0.418334508371 -0.448115202519 0.232724651586 -0.401977376508 0.168508996205 -0.52775880287 0.0285153232868 -0.487130977791 0.0971530225859 -0.225017632985 0.124777033853 -0.53503227717 0.302930826522 0.0235847437685 0.0426155032383 -0.365505942812 -0.451706544727 -0.507235470551 -0.276117905614 0.28670652905 -0.241019891083 
0.266613584792 0.323761481013 -0.327123356722 -0.432015801387 -0.315356183512 0.520626767181 -0.498644713142 0.507053542207 -0.502342719872 0.250823864091 -0.229699930933 0.464464479791 -0.516611325266 0.472344168402 -0.200191636957 0.505940024148 -0.402989701767 0.416492120991 -0.459265200048 0.203504517853 -0.459073640927 0.324644317192 0.491029461167 0.363037957783 -0.310368284173 -0.308338862944 -0.284901193648 -0.438306165445 0.34304718064 -0.455015575698 
0.049989040141 0.0548122136635 -0.0881461749108 0.03992197053 0.0678913533105 0.104455715383 -0.100974140973 0.0504509521977 -0.0201577171232 0.0938264558904 0.0817862974504 -0.059402977541 0.0483975426651 0.0795387356181 -0.154483951016 0.0907892272075 -0.0274003628103 0.0459928799174 0.0274568022809 0.000254713934599 -0.125746012752 -0.0842021202911 -0.0896258658017 0.0147868279332 -0.16409102803 0.0572548095381 -0.00324994771293 -0.0349392308014 0.0512121549338 -0.0472974784816 
-0.0732586370008 -0.124821155452 -0.0922643187478 -0.121443840475 0.0327400254278 0.0161916580668 -0.0965764920598 -0.111639956149 0.0343616022078 0.0784274448934 -0.0957947739842 -0.0458170106087 -0.0534218840732 0.0217638769287 -0.0636688200812 0.0325731526772 0.04701048801 -0.0403684198959 -0.0541503607119 -0.0685042511205 0.0207503670997 -0.0278372435077 0.020177308731 -0.0631399041231 -0.0343991384306 0.0815177254 0.0822836924889 0.106809164695 -0.0027055059309 0.0191355447468 
-0.139630254294 0.10660622689 -0.0700519994737 0.128949236641 -0.0289099687836 0.0058341160547 0.0357055872863 0.0718268941713 -0.132886818918 0.0195325852985 -0.106566890092 -0.158889167946 0.0958568844168 -0.00296510998011 0.0873193891436 -0.119600957143 -0.0999612499522 -0.133125510716 -0.1577116519 -0.15894682694 0.0665601258308 0.0992249337634 -0.101046495367 0.0460458175146 -0.0519726015499 0.0077177340358 -0.154695752882 -0.116807776895 0.0222815976807 -0.0393399698468 