0.181120335739 
0.15758561966 
-0.153679912762 
-0.233515081175 
-0.336220341551 
0.342606825331 
-0.213998763307 
0.352213432171 
-0.219784046741 
0.285934639493 
-0.370214700671 
0.303565771058 
-0.29448706333 
0.31447635942 
-0.42868830425 
0.250313776004 
-0.355187092916 
0.188183899117 
-0.265667031869 
0.288164633864 
-0.233464892207 
0.173374555568 
0.34922356246 
0.370464094242 
-0.354742181462 
-0.146789101862 
-0.212597039156 
-0.199526503607 
0.31505000523 
-0.262474116273 